14
cylinder.mesh   5000.0  0 0 0 0.0 20.0 00.0  0.717 0.0 0.0 0.0
box_tri.mesh            1000.0  0   0 0 50.0 50.0 0.0    1.0 0.0 0.0 0.0
box_tri.mesh            1000.0  0   0 0 -50.0 50.0 0.0    1.0 0.0 0.0 0.0
long-octahedron.mesh          50.0    0.0 0.0         0   20.0 100.0 10.0      1.0 0.0 1.0 1.0
box_tri.mesh            1000.0  0   0 0 300.0 10.0 0.0    1.0 0.0 0.0 0.0
box_tri.mesh            1000.0  0   0 0 400.0 10.0 20.0    1.0 0.0 0.0 0.0
box_tri.mesh            1000.0  0   0 0 300.0 10.0 40.0    1.0 0.0 0.0 0.0
box_tri.mesh            1000.0  0   0 0 300.0 10.0 70.0    1.0 0.0 0.0 0.0
box_tri.mesh            1000.0  0   0 0 400.0 10.0 100.0    1.0 0.0 0.0 0.0
box_tri.mesh            1000.0  0   0 0 300.0 10.0 120.0    1.0 0.0 0.0 0.0
box_tri.mesh            1000.0  0   0 0 300.0 10.0 140.0    1.0 0.0 0.0 0.0
box_tri.mesh            1000.0  0   0 0 400.0 10.0 150.0    1.0 0.0 0.0 0.0
box_tri.mesh            1000.0  0   0 0 300.0 10.0 200.0    1.0 0.0 0.0 0.0
box_tri.mesh            1000.0  0   0 0 300.0 10.0 250.0    1.0 0.0 0.0 0.0
